name: quantum_pmd
channels:
  - conda-forge
  - defaults
dependencies:
  - asttokens=3.0.0=pyhd8ed1ab_1
  - bzip2=1.0.8=h2bbff1b_6
  - ca-certificates=2025.12.2=haa95532_0
  - colorama=0.4.6=pyhd8ed1ab_1
  - comm=0.2.3=pyhe01879c_0
  - cpython=3.9.23=py39hd8ed1ab_0
  - debugpy=1.8.16=py39h1f3cc84_0
  - decorator=5.2.1=pyhd8ed1ab_0
  - exceptiongroup=1.3.0=pyhd8ed1ab_0
  - executing=2.2.0=pyhd8ed1ab_0
  - expat=2.7.3=h885b0b7_4
  - importlib-metadata=8.7.0=pyhe01879c_1
  - ipykernel=6.30.1=pyh3521513_0
  - ipython=8.18.1=pyh7428d3b_3
  - jedi=0.19.2=pyhd8ed1ab_1
  - jupyter_client=8.6.3=pyhd8ed1ab_1
  - jupyter_core=5.8.1=pyh5737063_0
  - krb5=1.21.3=hdf4eb48_0
  - libexpat=2.7.3=h885b0b7_4
  - libffi=3.4.4=hd77b12b_1
  - libsodium=1.0.20=hc70643c_0
  - libzlib=1.3.1=h02ab6af_0
  - matplotlib-inline=0.1.7=pyhd8ed1ab_1
  - nest-asyncio=1.6.0=pyhd8ed1ab_1
  - openssl=3.6.0=h725018a_0
  - packaging=25.0=pyh29332c3_1
  - parso=0.8.4=pyhd8ed1ab_1
  - pickleshare=0.7.5=pyhd8ed1ab_1004
  - pip=25.3=pyhc872135_0
  - platformdirs=4.3.8=pyhe01879c_0
  - prompt-toolkit=3.0.51=pyha770c72_0
  - psutil=7.0.0=py39ha55e580_0
  - pure_eval=0.2.3=pyhd8ed1ab_1
  - pygments=2.19.2=pyhd8ed1ab_0
  - python=3.9.25=h716150d_1
  - python-dateutil=2.9.0.post0=pyhe01879c_2
  - python_abi=3.9=2_cp39
  - pywin32=311=py39h5fb4b08_0
  - pyzmq=27.0.2=py39h248659b_0
  - setuptools=80.9.0=py39haa95532_0
  - six=1.17.0=pyhe01879c_1
  - sqlite=3.51.0=hda9a48d_0
  - stack_data=0.6.3=pyhd8ed1ab_1
  - tk=8.6.15=hf199647_0
  - tornado=6.5.2=py39h0802e32_0
  - traitlets=5.14.3=pyhd8ed1ab_1
  - typing_extensions=4.14.1=pyhe01879c_0
  - ucrt=10.0.22621.0=haa95532_0
  - vc=14.3=h2df5915_10
  - vc14_runtime=14.44.35208=h4927774_10
  - vs2015_runtime=14.44.35208=ha6b5a95_10
  - wcwidth=0.2.13=pyhd8ed1ab_1
  - wheel=0.45.1=py39haa95532_0
  - xz=5.6.4=h4754444_1
  - zeromq=4.3.5=h5bddc39_9
  - zipp=3.23.0=pyhd8ed1ab_0
  - zlib=1.3.1=h02ab6af_0
  - pip:
      - contourpy==1.3.0
      - cycler==0.12.1
      - fonttools==4.60.2
      - importlib-resources==6.5.2
      - kiwisolver==1.4.7
      - matplotlib==3.9.4
      - numpy==2.0.2
      - pandas==2.3.3
      - pillow==11.3.0
      - pyparsing==3.2.5
      - pytz==2025.2
      - scipy==1.13.1
      - tzdata==2025.3
prefix: C:\Users\z642291\AppData\Local\miniconda3\envs\quantum_pmd
